1927544832
1922985547
1934203179
1883318806
1910889055
1983590560
1965316186
2059139291
2075108931
2067514794
2117429526
2140519185
1659645051
1676816799
1611982084
1736461223
1810643297
1753583499
1767991311
1819386745
1355466982
1349603237
1360540003
1453750157
1461849199
1439893078
1432297529
1431882086
1427078318
1487887679
1484011617
1476718655
1509845392
1496496626
1583530675
1579588643
1609495371
1559139172
1554135669
1549766410
1566844751
1562161307
1561938937
1123551908
1086169529
1093103602
1202377124
1193780708
1148229310
1144649241
1257633250
1247607861
1241535002
1262624219
1288523504
1299222235
840314050
909401445
926048886
886867060
873099939
979662326
963003815
1012918112
1034467235
1026553732
568519178
650996158
647728822
616596108
617472393
614787483
604041145
633043809
678181561
698401105
776651230
325294125
271242551
291800692
389634988
346041163
344959554
345547011
342290228
354762650
442183586
467158857
412090528
532898841
534371187
32464799
21286066
109721665
127458375
192166356
146495963
142507512
167676030
236532616
262832772
