-1
180522983
1885393660
751646477
367706848
331742205
724919510
850844696
2121330641
869882699
1831158987
542636180
1117249765
823387844
731663826
1762069894
240170102
1020696223
1212052937
2041219958
712044033
195249879
1871889904
1787674355
1849980586
1308879787
1743053674
1496763661
607071669
1987302942
178202560
1666170841
1035995406
75303032
1755269469
200581873
500680130
561748675
1749521426
1828237297
835004548
934883150
38711700
1978960635
209243689
1355970350
546308601
590319412
959613996
1956169400
140411967
112601925
88760619
1977727497
672943813
909069787
318174568
385280382
370710480
809689639
557034312
865578556
217468424
346250334
388513751
717158057
941441272
437016122
196344643
379529969
821549457
97008503
872313181
2105942402
603939495
143590999
1580192283
177939344
853074291
1288703007
1605552664
162070930
1325694479
850975127
681702163
1432762307
1994488829
780869518
4379756
602743458
1963508385
2115219284
1219523498
559301490
4191682
1918142271
169309431
346461371
1619467789
1521741606
1881525154
