0
37580156
64423492
87193676
91914964
93632157
96332899
154427982
176139560
184435039
228963836
230164674
279802291
301492375
309127664
345705721
370150824
380319820
403997410
410504675
416543032
418193132
424733526
428149607
435596038
477224208
515649925
519407995
525469350
614538124
624884850
642649261
653488151
679260270
685637235
690613185
739141066
825795124
832026691
832633584
833213619
852655299
913744258
917674993
921902522
925691996
931307936
954676047
972992595
997654606
1020009811
1027484648
1052748108
1071580605
1108881241
1113730139
1122392118
1154042251
1170901568
1180031842
1180186856
1206428383
1214066097
1242934611
1243983997
1244736049
1262979035
1312007069
1312030297
1356274316
1368442960
1377432523
1415342434
1471294243
1529353536
1537868913
1566069818
1610578189
1612277199
1613646498
1639183592
1668015280
1764022840
1784234921
1786654280
1835593744
1849372222
1875931624
1877593764
1899940939
2007896363
2023046907
2030492562
2032619034
2085680072
2085750388
2110824853
2123924948
2131327206
2134927760
2136423634
